Running parameter sweep: 25 geometries
  Severity  Asymmetry    APD range   Repol HI  Stress HI   S/L grad
----------------------------------------------------------------
      0.00       0.00         0.00     0.0000     0.1024     1.0457
      0.00       0.25         0.00     0.0000     0.1024     1.0457
      0.00       0.50         0.00     0.0000     0.1024     1.0457
      0.00       0.75         0.00     0.0000     0.1024     1.0457
      0.00       1.00         0.00     0.0000     0.1024     1.0457
      0.25       0.00         0.93     0.0023     0.1007     1.0446
      0.25       0.25         1.35     0.0034     0.1201     1.1368
      0.25       0.50         2.09     0.0050     0.1522     1.2468
      0.25       0.75         2.82     0.0067     0.1937     1.3804
      0.25       1.00         3.75     0.0091     0.2428     1.5461
      0.50       0.00         1.62     0.0038     0.0992     1.0437
      0.50       0.25         1.96     0.0046     0.1210     1.1448
      0.50       0.50         2.87     0.0067     0.1575     1.2674
      0.50       0.75         3.82     0.0091     0.2047     1.4195
      0.50       1.00         5.09     0.0125     0.2608     1.6131
      0.75       0.00         1.89     0.0044     0.0979     1.0430
      0.75       0.25         2.42     0.0058     0.1227     1.1547
      0.75       0.50         3.59     0.0084     0.1648     1.2933
      0.75       0.75         4.82     0.0116     0.2191     1.4696
      0.75       1.00         6.54     0.0163     0.2838     1.7017
      1.00       0.00         2.20     0.0052     0.0967     1.0423
      1.00       0.25         2.89     0.0070     0.1254     1.1674
      1.00       0.50         4.21     0.0102     0.1745     1.3266
      1.00       0.75         6.27     0.0157     0.2380     1.5360
      1.00       1.00         8.34     0.0218     0.3139     1.8240

Results saved to data/sweep_results.json

=== Key finding ===
Normal LV:          APD range = 0.00 ms, repol HI = 0.0000
Uniform DCM:        APD range = 2.20 ms, repol HI = 0.0052
Asymmetric DCM:     APD range = 8.34 ms, repol HI = 0.0218
